0,413
0,502
0,309
0,314
0,307
0,301
0,298
858,12
858,11
858,10
858,9
858,8
858,7
858,6
858,5
858,4
857,5
857,4
0,343
0,350
855,11
855,10
855,9
855,8
855,7
855,6
855,5
855,4
854,11
854,10
854,9
854,8
854,7
854,6
854,5
854,4
853,12
853,11
853,10
853,9
853,8
853,7
853,6
853,5
853,4
852,11
852,10
852,9
852,8
852,7
852,6
852,5
852,4
851,11
851,10
851,9
851,8
851,7
851,6
851,5
851,4
850,92
850,91
850,90
850,89
850,88
850,87
850,86
0,394
850,85
850,84
850,83
850,82
850,81
850,80
850,79
850,78
850,77
850,76
850,75
850,74
850,73
0,313
850,72
0,312
850,71
850,70
850,69
850,68
850,123
850,67
0,310
850,66
850,65
850,64
850,124
0,300
850,125
850,126
850,127
0,299
850,35
850,34
850,33
850,32
850,31
850,30
850,29
850,28
850,27
0,292
850,26
850,25
850,24
850,23
850,22
850,21
850,20
850,19
850,18
850,17
850,16
850,15
850,14
850,13
850,12
850,11
850,10
850,9
850,8
850,7
850,6
0,283
850,5
850,4
0,280
846,81
846,80
846,79
846,78
846,77
846,76
846,75
846,74
846,73
846,72
0,294
846,71
846,70
846,69
846,68
846,67
846,66
846,65
0,289
846,64
846,35
846,34
846,33
0,288
846,32
846,31
846,30
846,29
846,28
846,27
846,26
0,511
846,25
846,24
846,23
846,22
846,21
846,20
846,19
846,18
846,17
846,16
846,15
846,14
846,13
846,12
846,11
846,10
846,9
846,8
846,7
846,6
846,5
846,4
843,14
843,13
843,12
843,11
843,10
843,9
843,8
843,7
843,6
843,5
843,4
842,6
842,5
842,4
841,27
841,26
841,25
841,24
841,23
841,22
841,21
841,20
841,19
841,18
841,17
841,16
841,15
841,14
841,13
841,12
841,11
841,10
841,9
841,8
841,7
841,6
841,5
841,4
0,284
840,19
840,18
840,17
840,16
840,15
840,14
840,13
840,12
840,11
840,10
840,9
840,8
840,7
840,6
840,5
840,4
839,19
839,18
839,17
839,16
839,15
839,14
839,13
839,12
839,11
839,10
839,9
839,8
839,7
839,6
839,5
839,4
838,8
838,7
838,6
838,5
838,4
0,287
837,8
837,7
837,6
0,494
837,5
837,4
0,269
834,12
834,11
834,10
834,9
834,8
834,7
834,6
834,5
834,4
832,6
832,5
832,4
0,346
831,7
831,6
831,5
831,4
830,15
0,510
830,14
0,509
830,13
830,12
0,506
830,11
830,10
0,505
830,9
830,8
830,7
830,6
830,5
830,4
858,3
858,2
0,490
858,1
858,0
857,3
857,2
0,358
857,1
857,0
0,488
856,3
856,2
0,469
856,1
856,0
855,3
855,2
855,1
855,0
854,3
854,2
0,487
854,1
854,0
853,3
853,2
0,485
853,1
853,0
852,3
852,2
852,1
852,0
851,3
851,2
851,1
851,0
850,3
850,2
850,1
850,0
849,3
849,2
0,483
849,1
849,0
848,3
848,2
848,1
848,0
847,3
847,2
847,1
847,0
846,3
846,2
846,1
846,0
845,3
845,2
0,348
845,1
845,0
844,3
844,2
844,1
844,0
843,3
843,2
843,1
843,0
842,3
842,2
842,1
842,0
841,3
841,2
0,470
841,1
841,0
840,3
840,2
0,317
840,1
840,0
839,3
839,2
839,1
839,0
0,380
838,3
838,2
838,1
838,0
837,3
837,2
837,1
837,0
836,3
836,2
836,1
836,0
835,3
835,2
835,1
835,0
834,3
834,2
0,463
834,1
834,0
833,3
833,2
833,1
833,0
832,3
832,2
832,1
832,0
831,3
831,2
831,1
831,0
830,3
830,2
830,1
830,0
0,406
811,92
811,91
811,90
811,89
811,88
811,87
811,86
811,85
811,84
811,83
811,82
811,81
811,80
811,79
811,78
810,94
810,93
810,92
810,91
810,90
810,89
810,88
810,87
810,86
810,85
810,84
810,83
810,82
810,81
810,80
810,79
809,22
809,21
809,20
809,19
809,18
805,64
805,35
805,34
805,33
805,32
805,31
805,30
805,29
0,243
0,410
0,396
811,77
811,76
811,75
811,74
811,73
811,72
811,71
811,70
811,69
811,68
811,67
811,66
811,65
811,64
811,35
811,34
811,33
811,32
811,31
811,30
811,29
811,28
811,27
811,26
811,25
811,24
811,23
811,22
811,21
811,20
0,404
810,78
810,77
810,76
810,75
810,74
810,73
810,72
810,71
810,70
810,69
810,68
810,67
810,66
810,65
810,64
810,35
810,34
810,33
810,32
810,31
810,30
810,29
810,28
810,27
810,26
810,25
810,24
810,23
810,22
810,21
810,20
809,17
809,16
809,15
809,14
809,13
809,12
809,11
809,10
809,9
0,403
805,28
805,27
805,26
805,25
805,24
805,23
805,22
805,21
805,20
805,19
805,18
805,17
805,16
0,329
0,359
805,15
805,14
805,13
0,383
829,12
829,11
829,10
829,9
829,8
829,7
829,6
829,5
829,4
828,5
828,4
826,11
826,10
826,9
826,8
826,7
826,6
826,5
826,4
0,481
825,11
825,10
825,9
825,8
0,475
825,7
825,6
825,5
825,4
824,12
824,11
824,10
824,9
824,8
824,7
824,6
824,5
824,4
823,11
823,10
823,9
823,8
823,7
823,6
823,5
823,4
822,11
822,10
822,9
822,8
822,7
822,6
822,5
822,4
821,92
821,91
821,90
821,89
821,88
821,87
821,86
821,85
821,84
821,83
0,457
821,82
821,81
821,80
821,79
821,78
821,77
821,76
821,75
821,74
821,73
821,72
821,71
821,70
821,69
821,68
821,123
821,67
821,66
821,65
821,64
821,124
821,125
821,126
821,127
0,382
821,35
821,34
821,33
821,32
821,31
0,377
821,30
821,29
821,28
0,373
821,27
821,26
821,25
821,24
821,23
821,22
821,21
821,20
821,19
821,18
821,17
821,16
821,15
821,14
821,13
821,12
821,11
821,10
821,9
821,8
821,7
821,6
821,5
821,4
0,507
0,5
817,81
817,80
817,79
817,78
817,77
817,76
817,75
817,74
817,73
817,72
817,71
817,70
817,69
817,68
817,67
817,66
817,65
817,64
817,35
817,34
817,33
817,32
817,31
817,30
817,29
817,28
817,27
817,26
817,25
817,24
817,23
817,22
817,21
817,20
817,19
817,18
817,17
817,16
817,15
817,14
817,13
817,12
0,484
817,11
817,10
817,9
817,8
817,7
817,6
817,5
817,4
814,14
814,13
814,12
814,11
814,10
814,9
814,8
814,7
814,6
814,5
814,4
813,6
813,5
813,4
0,339
812,27
812,26
812,25
812,24
812,23
812,22
812,21
812,20
812,19
812,18
812,17
812,16
812,15
812,14
812,13
812,12
812,11
812,10
812,9
812,8
812,7
812,6
812,5
812,4
811,19
811,18
811,17
811,16
811,15
811,14
811,13
811,12
811,11
811,10
811,9
811,8
811,7
811,6
811,5
811,4
810,19
810,18
810,17
810,16
810,15
810,14
810,13
810,12
810,11
810,10
810,9
810,8
810,7
810,6
810,5
810,4
809,8
809,7
809,6
809,5
809,4
808,8
808,7
808,6
808,5
808,4
805,12
805,11
805,10
805,9
805,8
805,7
805,6
805,5
805,4
803,6
803,5
803,4
802,7
802,6
802,5
802,4
801,15
0,369
801,14
0,367
801,13
801,12
0,366
801,11
801,10
0,365
801,9
801,8
0,364
0,268
0,267
0,266
0,265
0,264
0,263
0,262
0,261
0,260
0,259
0,258
0,257
0,256
0,255
0,254
0,253
0,252
0,251
0,250
0,249
0,248
0,247
0,246
0,245
0,244
0,242
0,241
0,240
0,239
0,238
0,237
0,236
801,7
0,232
0,231
0,230
0,229
0,311
0,440
0,222
0,368
0,221
0,220
0,219
0,215
0,212
0,211
0,208
0,207
0,303
0,204
0,203
0,349
0,416
0,199
0,198
0,197
0,193
0,61
0,414
0,53
0,47
29,34
29,33
29,32
29,31
29,30
29,29
29,28
29,27
29,26
29,25
29,24
29,23
29,22
29,21
29,20
29,19
29,18
29,17
29,16
29,15
29,14
29,13
29,12
29,11
29,10
29,9
29,8
29,7
29,6
29,5
29,4
29,3
0,6
801,6
801,5
801,4
0,194
0,11
0,275
0,8
0,12
0,9
0,276
0,308
0,306
0,478
0,305
0,467
0,302
0,444
0,297
0,372
0,392
0,412
0,371
0,376
0,370
829,3
829,2
829,1
829,0
828,3
828,2
828,1
828,0
827,3
827,2
827,1
827,0
826,3
826,2
826,1
826,0
825,3
825,2
825,1
825,0
824,3
824,2
824,1
824,0
823,3
823,2
823,1
823,0
0,345
822,3
822,2
822,1
822,0
821,3
821,2
0,449
821,1
821,0
820,3
820,2
820,1
820,0
0,374
819,3
819,2
819,1
819,0
818,3
818,2
818,1
818,0
0,320
0,315
817,3
817,2
0,431
817,1
817,0
0,389
0,388
0,384
816,3
816,2
816,1
816,0
0,347
815,3
815,2
815,1
815,0
0,336
814,3
814,2
0,335
814,1
814,0
813,3
813,2
813,1
813,0
812,3
812,2
812,1
812,0
811,3
811,2
0,285
811,1
811,0
810,3
810,2
0,422
810,1
810,0
809,3
809,2
809,1
809,0
808,3
808,2
808,1
808,0
0,465
807,3
807,2
807,1
807,0
806,3
806,2
806,1
806,0
0,456
805,3
805,2
0,462
805,1
805,0
0,342
0,323
0,338
804,3
804,2
0,360
804,1
804,0
0,398
0,442
803,3
803,2
803,1
803,0
0,356
802,3
802,2
802,1
802,0
0,415
0,395
0,393
0,272
801,3
801,2
0,438
801,1
801,0
0,7
0,278
0,10
0,437
0,271
0,477
0,471
0,474
0,497
0,355
0,397
0,354
0,391
0,461
0,450
0,357
0,423
0,493
0,235
0,234
0,233
0,225
0,217
0,214
0,213
0,210
0,209
0,206
0,205
0,201
0,200
0,454
0,195
0,63
0,60
0,59
0,56
0,55
0,54
0,51
0,50
0,49
0,327
0,48
0,46
0,45
0,458
0,472
0,228
0,227
0,226
800,12
800,11
800,10
800,9
800,8
800,7
800,6
800,5
800,4
0,224
0,436
799,5
799,4
0,223
0,435
0,433
0,420
0,218
797,11
797,10
797,9
797,8
797,7
797,6
0,216
0,428
797,5
797,4
0,432
0,362
0,361
796,11
796,10
796,9
796,8
796,7
796,6
0,498
796,5
796,4
0,334
795,12
795,11
795,10
795,9
795,8
795,7
795,6
0,427
795,5
795,4
0,417
0,331
794,11
0,326
794,10
794,9
794,8
0,325
794,7
794,6
794,5
794,4
0,332
0,322
0,202
793,11
793,10
793,9
793,8
793,7
793,6
793,5
793,4
0,455
0,196
792,92
792,91
792,90
792,89
792,88
792,87
792,86
792,85
792,84
792,83
792,82
792,81
792,80
792,79
0,453
792,78
792,77
792,76
0,452
792,75
792,74
792,73
0,451
792,72
792,71
792,70
792,69
792,68
792,123
792,67
792,66
792,65
792,64
792,124
792,125
792,126
792,127
792,35
792,34
792,33
792,32
792,31
792,30
792,29
792,28
0,439
792,27
0,429
792,26
792,25
792,24
792,23
792,22
792,21
792,20
792,19
792,18
792,17
792,16
792,15
792,14
792,13
792,12
0,421
792,11
792,10
792,9
792,8
792,7
792,6
792,5
792,4
0,460
0,192
0,62
0,337
0,386
0,58
0,57
0,448
0,52
788,81
788,80
788,79
788,78
788,77
788,76
788,75
788,74
788,73
788,72
0,500
788,71
788,70
788,69
0,495
788,68
788,67
788,66
788,65
788,64
788,35
788,34
788,33
788,32
788,31
788,30
788,29
788,28
788,27
788,26
788,25
788,24
788,23
788,22
788,21
788,20
788,19
788,18
788,17
788,16
788,15
788,14
788,13
788,12
0,468
788,11
788,10
788,9
0,459
0,473
0,0
788,8
788,7
788,6
0,333
788,5
788,4
13,3
14,3
785,14
785,13
785,12
785,11
785,10
785,9
785,8
785,7
785,6
785,5
785,4
784,6
784,5
784,4
783,27
783,26
783,25
783,24
783,23
783,22
783,21
783,20
783,19
783,18
783,17
783,16
783,15
783,14
783,13
783,12
783,11
783,10
783,9
783,8
783,7
783,6
783,5
783,4
782,19
782,18
782,17
782,16
782,15
782,14
782,13
782,12
782,11
782,10
782,9
782,8
782,7
782,6
782,5
782,4
781,19
781,18
781,17
781,16
781,15
781,14
781,13
781,12
781,11
781,10
781,9
781,8
781,7
781,6
781,5
781,4
780,8
780,7
780,6
780,5
780,4
779,8
779,7
779,6
779,5
779,4
776,12
776,11
776,10
776,9
776,8
776,7
776,6
776,5
776,4
774,6
774,5
774,4
0,486
773,7
773,6
773,5
773,4
772,15
0,426
772,14
772,13
772,12
772,11
772,10
772,9
772,8
0,419
772,7
0,418
772,6
772,5
772,4
800,3
800,2
0,464
800,1
800,0
799,3
799,2
799,1
799,0
798,3
798,2
798,1
798,0
797,3
797,2
0,353
797,1
797,0
0,409
0,408
796,3
796,2
0,407
796,1
796,0
795,3
795,2
0,405
795,1
795,0
794,3
794,2
794,1
794,0
793,3
793,2
793,1
793,0
792,3
792,2
0,402
792,1
792,0
791,3
791,2
0,399
791,1
791,0
790,3
790,2
0,387
790,1
790,0
0,319
789,3
789,2
789,1
789,0
788,3
788,2
0,318
788,1
788,0
787,3
787,2
787,1
787,0
786,3
786,2
0,316
786,1
786,0
785,3
785,2
785,1
785,0
784,3
784,2
0,2
784,1
784,0
783,3
783,2
783,1
783,0
782,3
782,2
782,1
782,0
781,3
781,2
781,1
781,0
780,3
780,2
780,1
780,0
779,3
779,2
779,1
779,0
778,3
778,2
778,1
778,0
777,3
777,2
777,1
777,0
776,3
776,2
776,1
776,0
775,3
775,2
775,1
775,0
774,3
774,2
774,1
774,0
773,3
773,2
773,1
773,0
772,3
772,2
772,1
772,0
771,12
771,11
771,10
771,9
771,8
771,7
771,6
771,5
771,4
770,5
770,4
768,11
768,10
768,9
768,8
768,7
768,6
768,5
768,4
767,11
767,10
767,9
767,8
767,7
767,6
767,5
767,4
766,12
766,11
766,10
766,9
766,8
766,7
766,6
766,5
766,4
765,11
765,10
765,9
765,8
765,7
765,6
765,5
765,4
764,11
764,10
764,9
764,8
764,7
764,6
764,5
764,4
763,92
763,91
763,90
763,89
763,88
763,87
763,86
763,85
763,84
763,83
763,82
763,81
763,80
763,79
763,78
763,77
763,76
0,304
763,75
763,74
763,73
763,72
763,71
763,70
763,69
763,68
763,123
763,67
0,295
763,66
763,65
763,64
763,124
763,125
763,126
763,127
763,35
763,34
763,33
763,32
763,31
763,30
763,29
763,28
763,27
763,26
763,25
763,24
763,23
763,22
763,21
763,20
763,19
763,18
763,17
763,16
763,15
763,14
763,13
763,12
763,11
763,10
763,9
763,8
763,7
763,6
763,5
763,4
0,491
759,81
759,80
759,79
759,78
759,77
759,76
0,290
759,75
759,74
759,73
759,72
759,71
759,70
759,69
759,68
759,67
759,66
759,65
759,64
759,35
759,34
759,33
759,32
759,31
759,30
759,29
759,28
759,27
759,26
759,25
759,24
759,23
759,22
759,21
759,20
759,19
